0 0.0
1 0.021
2 -0.30252982142510
3 -0.19413374466744
4 -0.13232011156270
5 -0.10367909816775
6 -0.089497417870591
7 -0.081354654645797
8 -0.075926033358007
9 -0.071873503233373
10 -0.068618555740821
11 -0.065882299566456
12 -0.063511848720093
13 -0.061412900063622
14 -0.059522054212945
15 -0.057794355476601
16 -5.6196949962888D-02
17 -5.4705420832743D-02
18 -5.3301441302463D-02
19 -5.1971164353756D-02
20 -5.0704071384917D-02
21 -4.9492129335240D-02
22 -4.8329165258154D-02
23 -4.7210398653194D-02
24 -4.6132090293221D-02
25 -4.5091278055365D-02
26 -4.4085578209763D-02
27 -4.3113036186559D-02
28 -4.2172014842020D-02
29 -4.1261111166778D-02
30 -4.0379094553566D-02
31 -3.9524861374897D-02
32 -3.8697401852801D-02
33 -3.7895776154970D-02
34 -3.7119097367896D-02
35 -3.6366519560332D-02
36 -3.5637229579375D-02
37 -3.4930441549540D-02
38 -3.4245393302804D-02
39 -3.3581344165533D-02
40 -3.2937573669332D-02
41 -3.2313380879419D-02
42 -3.1708084108422D-02
43 -3.1121020856246D-02
44 -3.0551547864441D-02
45 -2.9999041206777D-02
46 -2.9462896366084D-02
47 -2.8942528266341D-02
48 -2.8437371243439D-02
49 -2.7946878945822D-02
50 -2.7470524163820D-02
51 -2.7007798593548D-02
52 -2.6558212533623D-02
53 -2.6121294533194D-02
54 -2.5696590987031D-02
55 -2.5283665693498D-02
56 -2.4882099384615D-02
57 -2.4491489222546D-02
58 -2.4111448289186D-02
59 -2.3741605055367D-02
60 -2.3381602846450D-02
61 -2.3031099308479D-02
62 -2.2689765868725D-02
63 -2.2357287209786D-02
64 -2.2033360742704D-02
65 -2.1717696098459D-02
66 -2.1410014623085D-02
67 -2.1110048892285D-02
68 -2.0817542235179D-02
69 -2.0532248277529D-02
70 -2.0253930495829D-02
71 -1.9982361790370D-02
72 -1.9717324074574D-02
73 -1.9458607878598D-02
74 -1.9206011968710D-02
75 -1.8959342983264D-02
76 -1.8718415086151D-02
77 -1.8483049631447D-02
78 -1.8253074843620D-02
79 -1.8028325517791D-02
80 -1.7808642723669D-02
81 -1.7593873530590D-02
82 -1.7383870743627D-02
83 -1.7178492653025D-02
84 -1.6977602791009D-02
85 -1.6781069703423D-02
86 -1.6588766734122D-02
87 -1.6400571817345D-02
88 -1.6216367276520D-02
89 -1.6036039641632D-02
90 -1.5859479466114D-02
91 -1.5686581156322D-02
92 -1.5517242815006D-02
93 -1.5351366077668D-02
94 -1.5188855973237D-02
95 -1.5029620779848D-02
96 -1.4873571892672D-02
97 -1.4720623696408D-02
98 -1.4570693446888D-02
99 -1.4423701148263D-02
100 -1.4279569451636D-02